# This file may be used to create an environment using:
# $ conda create --name <env> --file <this file>
# platform: win-64
annotated-types=0.7.0=pyhd8ed1ab_0
anyio=4.4.0=pyhd8ed1ab_0
bzip2=1.0.8=h2466b09_7
ca-certificates=2024.7.4=h56e8100_0
certifi=2024.7.4=pyhd8ed1ab_0
click=8.1.7=win_pyh7428d3b_0
colorama=0.4.6=pyhd8ed1ab_0
dnspython=2.6.1=pyhd8ed1ab_1
email-validator=2.2.0=pyhd8ed1ab_0
email_validator=2.2.0=hd8ed1ab_0
exceptiongroup=1.2.2=pyhd8ed1ab_0
fastapi=0.112.0=pyhd8ed1ab_0
fastapi-cli=0.0.5=pyhd8ed1ab_0
h11=0.14.0=pyhd8ed1ab_0
h2=4.1.0=pyhd8ed1ab_0
hpack=4.0.0=pyh9f0ad1d_0
httpcore=1.0.5=pyhd8ed1ab_0
httpx=0.27.0=pyhd8ed1ab_0
hyperframe=6.0.1=pyhd8ed1ab_0
idna=3.7=pyhd8ed1ab_0
jinja2=3.1.4=pyhd8ed1ab_0
libexpat=2.6.2=h63175ca_0
libffi=3.4.4=hd77b12b_1
libsqlite=3.46.0=h2466b09_0
libzlib=1.3.1=h2466b09_1
markdown-it-py=3.0.0=pyhd8ed1ab_0
markupsafe=2.1.5=py312he70551f_0
mdurl=0.1.2=pyhd8ed1ab_0
mutagen=1.47.0=pyhd8ed1ab_0
openssl=3.3.1=h2466b09_2
pip=24.0=pyhd8ed1ab_0
pydantic=2.8.2=pyhd8ed1ab_0
pydantic-core=2.20.1=py312h2615798_0
pygments=2.18.0=pyhd8ed1ab_0
python=3.12.4=h889d299_0_cpython
python-multipart=0.0.9=pyhd8ed1ab_0
python_abi=3.12=4_cp312
rich=13.7.1=pyhd8ed1ab_0
setuptools=71.0.4=pyhd8ed1ab_0
shellingham=1.5.4=pyhd8ed1ab_0
sniffio=1.3.1=pyhd8ed1ab_0
starlette=0.37.2=pyhd8ed1ab_0
tk=8.6.13=h5226925_1
typer=0.12.3=pyhd8ed1ab_0
typer-slim=0.12.3=pyhd8ed1ab_0
typer-slim-standard=0.12.3=hd8ed1ab_0
typing-extensions=4.12.2=hd8ed1ab_0
typing_extensions=4.12.2=pyha770c72_0
tzdata=2024a=h0c530f3_0
ucrt=10.0.22621.0=h57928b3_0
uvicorn=0.30.3=py312h2e8e312_0
vc=14.3=h8a93ad2_20
vc14_runtime=14.40.33810=ha82c5b3_20
vs2015_runtime=14.40.33810=h3bf8584_20
wheel=0.43.0=pyhd8ed1ab_1
xz=5.4.6=h8cc25b3_1
